+918072347176
+916383436606
+919786757176
+917904699939
+919384841771
+917092997606
+919791212115
+917984468609
+919944293787
+917871727424
+918220668251
+919585974855
+918148188166
+917845711772
+917731052723
+917825938258
+918015642975
+919486796474
+919566849874
+917905454292
+917806941074
+916369987504
+918124404878
+919025476595
+917984914158
+918848470283
+918438567211
+919361848464
+919629908835
+919964797788
+919787804984
+919025727907
+919336519119
+919168504011
+918925731687
+94752775167
+919913734216
+919363250553
+919944394005
+919943078612
+917695922757
+918870070446
+919443868974
+919894489750
+916382370512
+919847103323
+918637494023
+919944532282
+919150266976
+917540022801
+916383843870
+918681008615
+918778079331
+919538833333
+917010377517
+919905466578
+919677717788
+917092917185
+919980576359
+919751178234
+917094040655
+917905956590
+918072154335
+919003425490
+918904194227
+918870736921
+917907297303
+919047181619
+916369140452
+918838862994
+918015860473
+917015514240
+919598115600
+919080700283
+919514020215
+918098688907
+60176382629
+918610784241
+919791974683
+919578121847
+919965553366
+917810010069
+918608791625
+918122327201
+917009341658
+918904770655
+918056826265
+919442306005
+919723714517
+919827138487
+917418777377
+919994916803
+919562840985
+918754499523
+918825571766
+918807882397
+919025911795
+919791789786
+918438512397
+919940503816